x=0.006261192
y=-0.1018261
z=0.04490599
rx=39.71959
ry=0
rz=0
fov=40.00981
near=0.1
far=1000
sceneResolutionScale=0.5